(-0.7786629538986949, -60.98139686684073)
(-1.1591853820177749, -60.85589322471121)
(-1.3907014626227, -60.52765547949092)
(-2.98648819223311, -54.40055090204543)
(-20.01924219076271, -58.14532046654206)
(-20.274136202246545, -58.02081852606632)
(-20.45077801440438, -57.79757409058414)
(-20.51446499880815, -57.518808867850446)
(-20.504852238105837, -54.11415261450387)
(-20.156775933295744, -53.13185156481074)
(-5.396181405316109, -43.54296918824199)
(-5.056517488496009, -43.05383434245854)
(-6.758044585831868, -29.341864483786004)
(-6.758044585831868, -1.364440410006451)
(-14.256305972255062, -1.364440410006451)
(-14.775013669033104, -3.379721738650967)
(-15.326569039462289, -3.64279609062653)
(-15.879325088197657, -3.381330476417243)
(-16.400037175153933, -1.364440410006451)
(-17.02489106831373, -1.364440410006451)
(-17.444266395178087, -2.575217822201881)
(-17.995821460013403, -2.838292174177444)
(-18.5485762863733, -2.576826559968157)
(-18.96995203069561, -1.364440410006451)
(-25.29540771641772, -2.8833441970865037)
(-25.855774274834246, -5.39218946412089)
(-26.407329339669563, -5.654055881749246)
(-26.96008416602946, -5.392590267539958)
(-27.467979646174474, -3.5140725178133416)
(-36.89207280644851, -6.242948427524019)
(-37.471665344660465, -9.015673336098773)
(-38.02321995110498, -9.27753975372713)
(-38.575976458231146, -9.016076594668954)
(-39.109505915983355, -6.886551560683288)
(-53.47475946360536, -11.069971926218537)
(-53.55086354813722, -11.99113173397652)
(-53.62536544221998, -12.141571732164987)
(-53.89693702893766, -12.403036118798717)
(-54.240607185865194, -12.495555419523475)
(-54.58427740009159, -12.403036118798717)
(-54.855848929510415, -12.141571732164987)
(-54.96159357555001, -11.787592955108723)
(-54.96159357555001, -10.645196411690575)
(-54.97080618018219, -9.704731136949505)
(-54.40322968834621, -6.548662616440896)
(-52.396083664615034, -4.067170187947645)
(-20.959876617606525, 12.051467686346866)
(-21.309553623095624, 12.220817258401578)
(-21.498210774943615, 12.566352156995173)
(-22.23722323010234, 18.977442222226696)
(-21.472577561321092, 23.97421671018277)
(-21.23745547307733, 24.280330168049268)
(-20.8701518132994, 24.395775976753736)
(-14.849515009226975, 24.294811263096864)
(-13.81089679820763, 21.049041648446426)
(-13.618631805157593, 20.817344127684912)
(-13.352667350222523, 19.703908546786398)
(-13.63665573147443, 18.53496690954303)
(-13.71155678844725, 18.42957709290029)
(-13.907024405230764, 15.66529790415154)
(-7.560743108612759, 19.096911716710185)
(-6.754841962098392, 20.630698629832455)
(-6.754841962098392, 37.879262107470645)
(-6.874606032412509, 40.79558880459858)
(-2.7225247659437293, 58.81607454042522)
(-1.326614761439982, 60.431116175713804)
(-0.1313803044130604, 60.97134057747556)
(0.35568681449125006, 60.92990858856754)
(1.3618631805157593, 60.431116175713804)
(6.786882867938809, 45.60893588402253)
(6.909853840300551, 40.79438271161471)
(6.790090381174169, 37.879262107470645)
(6.790090381174169, 20.630698629832455)
(7.219476657550451, 19.546228921755798)
(7.982121603279878, 18.722412786658065)
(13.942272824306542, 15.66529790415154)
(13.746805207523028, 18.432793340857284)
(13.387915769298301, 19.707129705045617)
(13.653880224233369, 20.820560375641907)
(13.846145217283407, 21.05225789640342)
(14.647241205822088, 24.02248743619994)
(14.884763428302753, 24.296420614650916)
(20.90540267712612, 24.398994679861843)
(21.272703892153107, 24.283548871157375)
(21.50782353564593, 23.977435413290877)
(22.27127097087193, 18.982271197570523)
(21.533459194019393, 12.569568404952168)
(21.343601058271346, 12.224035961509685)
(20.995125036682303, 12.054688844606087)
(52.9516441864735, -4.4935562816052155)
(54.43967851833354, -6.54785732687609)
(55.00845960389714, -9.70553642651431)
(54.99684336979819, -10.674157374210209)
(54.99684336979819, -11.784371796849504)
(54.89109322306898, -12.138355484207992)
(54.61952662135126, -12.399819870841721)
(54.275856980113375, -12.492339171566478)
(53.93218611650002, -12.399819870841721)
(53.66061095815401, -12.138355484207992)
(53.51000452114859, -11.066755678261542)
(39.14475555743461, -6.883335312726293)
(38.616430210452364, -9.012457088141778)
(38.06487972952506, -9.274323505770134)
(37.51332069196947, -9.012857891560847)
(36.930525071633234, -6.2397321795670235)
(27.50643068898373, -3.510856269856346)
(27.001741194104735, -5.387762212877797)
(26.448987895714176, -5.650834723490026)
(25.895026890358473, -5.389371564431851)
(25.333858759226974, -2.880123038827284)
(19.008407963006746, -1.361219251747231)
(18.589030496985316, -2.5732045982898684)
(18.03747512655613, -2.8350710159182237)
(17.48592220087789, -2.573607856860049)
(17.063344555873925, -1.361219251747231)
(16.43849066271413, -1.361219251747231)
(15.916575452700727, -3.3777085147389547)
(15.365020082271542, -3.63957493236731)
(14.813465323030094, -3.378111773309135)
(14.291554391330838, -1.361219251747231)
(6.793293004907646, -1.361219251747231)
(6.793293004907646, -29.338653146131232)
(5.091765907571787, -43.05061318419932)
(20.190824590846937, -53.12863163412707)
(20.55291848636835, -54.229996464582406)
(20.55291848636835, -57.51559753019568)
(20.364557149384286, -57.97003618046136)
(19.9120416955374, -58.159200663354945)
(3.024939235042364, -54.39733956439066)
(1.429157394933837, -60.524434321231695)
(1.1976376472024999, -60.85267574917866)
(0.8171188862098322, -60.97817570858152)
(-0.7786629538986949, -60.98139686684073)
