172.07	381
171.19	381
170.42	380.43
170.16	379.59
170.07	379.3
167.92	372.39
166.8	368.03
166.28	366.01
165.74	363.5
165.18	360.55
112.91	372.19
112.77	372.22
112.62	372.24
112.48	372.24
112.03	372.24
111.59	372.09
111.23	371.8
110.76	371.42
110.48	370.85
110.48	370.24
110.48	360.03
110.48	359.91
110.49	359.78
110.51	359.66
110.98	357.19
111.8	355.84
113.92	354.11
113.99	354.05
114.07	354
114.14	353.95
155.74	328.46
156.29	328.05
157.24	327.29
157.66	326.81
157.99	326.44
158.4	325.82
158.72	325.29
157.99	321.2
157.4	317.64
156.97	314.68
155.11	302.11
153.43	282.87
153.41	282.68
153.41	282.62
153.41	282.56
153.41	282.51
153.41	195.74
130.01	195.74
129.97	196.14
129.94	196.53
129.9	196.88
129.78	197.94
129.47	199.49
129.46	199.55
128.97	201.73
128.03	202.82
126.67	202.82
125.31	202.82
124.36	201.73
123.88	199.59
123.86	199.48
123.55	197.93
123.43	196.88
123.39	196.53
123.35	196.14
123.32	195.74
121.37	195.74
121.25	196.43
121.14	197.01
121.13	197.05
120.64	199.23
119.7	200.32
118.34	200.32
116.98	200.32
116.03	199.23
115.55	197.09
115.54	197.03
115.42	196.43
115.3	195.74
111.95	195.74
95.56	200.46
95.49	201.36
95.41	202.32
95.32	203.13
95.2	204.19
94.89	205.74
94.88	205.8
94.39	207.99
93.45	209.07
92.09	209.07
90.73	209.07
89.78	207.98
89.3	205.84
89.28	205.73
88.97	204.18
88.85	203.13
88.82	202.9
88.8	202.67
88.78	202.42
59.37	210.9
59.29	212.01
59.19	213.34
59.07	214.39
58.95	215.45
58.64	216.99
58.63	217.06
58.14	219.25
57.2	220.33
55.84	220.33
54.48	220.33
53.53	219.24
53.05	217.1
53.03	216.99
52.72	215.44
52.6	214.39
52.55	213.93
52.5	213.42
52.45	212.9
7.62004	225.9
7.48004	228.25
7.46004	228.6
7.35004	228.94
7.15004	229.23
6.69004	229.93
5.99004	230.33
5.23004	230.33
4.47004	230.33
3.77004	229.93
3.31004	229.23
3.09004	228.9
2.98004	228.52
2.98004	228.13
2.98004	224.58
2.98004	224.47
2.75004	219.61
3.44004	216.44
4.21004	212.94
4.85004	210.61
7.16004	207.71
8.39004	206.17
10.58	204.45
10.83	204.25
10.93	204.17
11.04	204.1
11.15	204.05
109.09	154.05
108.26	153.93
107.57	153.3
107.41	152.45
107.35	152.13
105.88	144.57
105.5	139.51
105.47	139.14
105.09	134.08
104.86	131.02
105.51	125.78
105.58	125.22
105.82	123.25
105.99	121.83
106.61	119.64
106.91	118.59
107.46	117.06
107.49	117
107.78	116.21
108.53	115.69
109.37	115.69
127.08	115.69
127.86	115.69
128.57	116.14
128.9	116.85
128.93	116.91
129.64	118.45
130.01	119.53
130.77	121.69
130.97	123.1
131.25	125.06
131.25	125.06
131.38	125.97
131.4	126.09
131.65	126.28
131.85	126.52
132	126.81
132.15	127.11
132.89	128.7
132.83	130.27
132.79	131.37
132.27	133.04
132.11	133.53
132.02	133.79
131.89	134.03
131.71	134.23
131.67	135.08
131.61	135.95
131.54	136.85
131.48	137.67
131.42	138.54
131.37	139.48
131.31	140.43
131.22	141.55
131.1	142.82
149.7	133.32
150.3	132.78
151.52	131.61
152.08	130.76
152.54	130.07
153.01	128.88
153.42	127.39
153.42	73.79
153.34	72.58
152.5	58.84
153.43	49.77
153.89	45.27
154.27	42.75
155.13	38.53
156.19	33.29
156.89	30.25
158.74	24.93
160.38	20.2
163.64	13.45
164.01	12.69
164.39	11.76
166.83	6.05
170.36	3.71
171.44	2.99
172.35	2.54
173.5	2.16
173.57	2.14
173.64	2.12
173.71	2.1
173.93	2.05
174.22	2
174.56	2
174.84	2
175.11	2.03
175.43	2.11
175.49	2.12
175.55	2.14
175.61	2.16
176.75	2.54
177.66	2.99
178.75	3.71
182.28	6.05
184.72	11.76
185.1	12.69
185.47	13.45
188.72	20.21
190.37	24.93
192.22	30.24
192.92	33.29
193.98	38.53
194.84	42.75
195.22	45.27
195.68	49.77
196.61	58.84
195.77	72.59
195.69	73.79
195.69	127.39
196.09	128.87
196.57	130.06
197.03	130.76
197.59	131.61
198.81	132.78
199.41	133.32
218.01	142.82
217.89	141.55
217.8	140.44
217.74	139.48
217.69	138.53
217.63	137.66
217.57	136.84
217.51	135.94
217.45	135.07
217.4	134.22
217.23	134.02
217.09	133.79
217	133.52
216.89	133.17
216.32	131.4
216.28	130.26
216.22	128.68
216.96	127.1
217.11	126.8
217.25	126.51
217.46	126.27
217.71	126.08
217.73	125.96
217.86	125.05
217.86	125.05
218.14	123.09
218.35	121.68
219.1	119.52
219.48	118.44
220.18	116.91
220.21	116.85
220.54	116.14
221.25	115.68
222.03	115.68
239.74	115.68
240.58	115.68
241.33	116.2
241.62	116.99
241.64	117.05
242.2	118.58
242.5	119.63
243.12	121.82
243.29	123.24
243.53	125.2
243.6	125.77
244.24	131.01
244.02	134.06
243.64	139.12
243.61	139.5
243.23	144.56
241.77	152.12
241.7	152.44
241.53	153.29
240.85	153.92
240.02	154.04
337.96	204.04
338.07	204.1
338.18	204.16
338.28	204.24
338.53	204.43
340.72	206.16
341.95	207.7
344.27	210.61
344.9	212.94
345.67	216.43
346.37	219.6
346.14	224.46
346.13	224.67
346.13	228.12
346.13	228.51
346.02	228.89
345.8	229.22
345.34	229.92
344.64	230.32
343.88	230.32
343.12	230.32
342.42	229.92
341.96	229.22
341.77	228.93
341.65	228.59
341.63	228.24
341.49	225.89
296.66	212.89
296.62	213.41
296.57	213.92
296.52	214.38
296.4	215.44
296.09	216.99
296.08	217.05
295.59	219.24
294.65	220.32
293.29	220.32
291.93	220.32
290.99	219.23
290.5	217.09
290.48	216.98
290.17	215.43
290.05	214.38
289.93	213.35
289.83	212.06
289.75	210.89
260.34	202.41
260.32	202.66
260.29	202.9
260.27	203.12
260.15	204.18
259.84	205.73
259.83	205.79
259.34	207.97
258.41	209.06
257.04	209.06
255.67	209.06
254.73	207.97
254.25	205.83
254.23	205.72
253.92	204.17
253.8	203.12
253.71	202.31
253.63	201.34
253.56	200.45
237.17	195.73
233.82	195.73
233.7	196.42
233.59	197
233.58	197.04
233.09	199.23
232.15	200.31
230.79	200.31
229.43	200.31
228.49	199.22
228	197.08
227.99	197.02
227.87	196.42
227.75	195.73
225.8	195.73
225.76	196.13
225.72	196.52
225.68	196.87
225.56	197.93
225.25	199.47
225.24	199.54
224.75	201.73
223.81	202.81
222.45	202.81
221.09	202.81
220.15	201.72
219.66	199.58
219.64	199.47
219.33	197.92
219.21	196.87
219.17	196.52
219.13	196.13
219.1	195.73
195.7	195.73
195.7	282.5
195.7	282.56
195.7	282.62
195.7	282.67
195.68	282.86
194.01	302.1
192.14	314.67
191.7	317.6
191.11	321.17
190.39	325.28
190.68	325.77
191.09	326.4
191.44	326.8
191.87	327.27
192.82	328.04
193.37	328.45
234.97	353.94
235.05	353.99
235.12	354.04
235.19	354.1
237.3	355.83
238.13	357.18
238.6	359.65
238.62	359.77
238.64	359.9
238.64	360.02
238.64	370.23
238.64	370.84
238.36	371.41
237.89	371.79
237.53	372.08
237.09	372.23
236.64	372.23
236.5	372.23
236.35	372.21
236.21	372.18
183.94	360.54
183.38	363.49
182.84	366
182.32	368.02
181.2	372.38
179.05	379.28
178.96	379.58
178.7	380.42
177.93	380.99
177.05	380.99
172.13	380.99
172.07	381